0.000000	1.000000	0.000000	-0.000000	5.000000
0.010000	0.999550	0.049979	-0.089987	4.993751
0.020000	0.998201	0.099833	-0.179892	4.975021
0.030000	0.995953	0.149438	-0.269636	4.943855
0.040000	0.992809	0.198669	-0.359137	4.900333
0.050000	0.988771	0.247404	-0.448314	4.844562
0.060000	0.983844	0.295520	-0.537089	4.776682
0.070000	0.978031	0.342898	-0.625380	4.696864
0.080000	0.971338	0.389418	-0.713108	4.605305
0.090000	0.963771	0.434966	-0.800194	4.502236
0.100000	0.955336	0.479426	-0.886561	4.387913
0.110000	0.946042	0.522687	-0.972129	4.262623
0.120000	0.935897	0.564642	-1.056823	4.126678
0.130000	0.924909	0.605186	-1.140565	3.980419
0.140000	0.913089	0.644218	-1.223281	3.824211
0.150000	0.900447	0.681639	-1.304897	3.658444
0.160000	0.886995	0.717356	-1.385338	3.483534
0.170000	0.872745	0.751280	-1.464532	3.299916
0.180000	0.857709	0.783327	-1.542408	3.108050
0.190000	0.841901	0.813416	-1.618896	2.908415
0.200000	0.825336	0.841471	-1.693927	2.701512
0.210000	0.808028	0.867423	-1.767434	2.487855
0.220000	0.789992	0.891207	-1.839351	2.267981
0.230000	0.771246	0.912764	-1.909612	2.042437
0.240000	0.751806	0.932039	-1.978154	1.811789
0.250000	0.731689	0.948985	-2.044916	1.576612
0.260000	0.710914	0.963558	-2.109838	1.337494
0.270000	0.689498	0.975723	-2.172862	1.095033
0.280000	0.667463	0.985450	-2.233929	0.849836
0.290000	0.644827	0.992713	-2.292987	0.602514
0.300000	0.621610	0.997495	-2.349981	0.353686
0.310000	0.597834	0.999784	-2.404860	0.103974
0.320000	0.573520	0.999574	-2.457575	-0.145998
0.330000	0.548690	0.996865	-2.508078	-0.395604
0.340000	0.523366	0.991665	-2.556324	-0.644222
0.350000	0.497571	0.983986	-2.602270	-0.891230
0.360000	0.471328	0.973848	-2.645873	-1.136010
0.370000	0.444662	0.961275	-2.687096	-1.377951
0.380000	0.417595	0.946300	-2.725900	-1.616448
0.390000	0.390152	0.928960	-2.762252	-1.850904
0.400000	0.362358	0.909297	-2.796117	-2.080734
0.410000	0.334238	0.887362	-2.827466	-2.305363
0.420000	0.305817	0.863209	-2.856271	-2.524231
0.430000	0.277121	0.836899	-2.882505	-2.736788
0.440000	0.248175	0.808496	-2.906145	-2.942506
0.450000	0.219007	0.778073	-2.927170	-3.140868
0.460000	0.189641	0.745705	-2.945561	-3.331380
0.470000	0.160104	0.711473	-2.961300	-3.513565
0.480000	0.130424	0.675463	-2.974375	-3.686969
0.490000	0.100626	0.637765	-2.984773	-3.851156
0.500000	0.070737	0.598472	-2.992485	-4.005718
0.510000	0.040785	0.557684	-2.997504	-4.150268
0.520000	0.010796	0.515501	-2.999825	-4.284444
0.530000	-0.019202	0.472031	-2.999447	-4.407911
0.540000	-0.049184	0.427380	-2.996369	-4.520361
0.550000	-0.079121	0.381661	-2.990595	-4.621512
0.560000	-0.108987	0.334988	-2.982130	-4.711112
0.570000	-0.138755	0.287478	-2.970980	-4.788936
0.580000	-0.168397	0.239249	-2.957158	-4.854791
0.590000	-0.197889	0.190423	-2.940673	-4.908511
0.600000	-0.227202	0.141120	-2.921543	-4.949962
0.610000	-0.256311	0.091465	-2.899783	-4.979042
0.620000	-0.285189	0.041581	-2.875414	-4.995676
0.630000	-0.313811	-0.008407	-2.848457	-4.999823
0.640000	-0.342150	-0.058374	-2.818936	-4.991474
0.650000	-0.370181	-0.108195	-2.786879	-4.970648
0.660000	-0.397879	-0.157746	-2.752314	-4.937399
0.670000	-0.425219	-0.206902	-2.715272	-4.891808
0.680000	-0.452176	-0.255541	-2.675786	-4.833991
0.690000	-0.478727	-0.303542	-2.633892	-4.764091
0.700000	-0.504846	-0.350783	-2.589628	-4.682283
0.710000	-0.530511	-0.397148	-2.543034	-4.588773
0.720000	-0.555699	-0.442520	-2.494150	-4.483792
0.730000	-0.580387	-0.486787	-2.443023	-4.367604
0.740000	-0.604552	-0.529836	-2.389696	-4.240500
0.750000	-0.628174	-0.571561	-2.334220	-4.102797
0.760000	-0.651230	-0.611858	-2.276642	-3.954839
0.770000	-0.673700	-0.650625	-2.217016	-3.796995
0.780000	-0.695563	-0.687766	-2.155394	-3.629662
0.790000	-0.716801	-0.723188	-2.091833	-3.453255
0.800000	-0.737394	-0.756802	-2.026390	-3.268218
0.810000	-0.757323	-0.788525	-1.959122	-3.075012
0.820000	-0.776570	-0.818277	-1.890092	-2.874120
0.830000	-0.795119	-0.845984	-1.819361	-2.666044
0.840000	-0.812952	-0.871576	-1.746992	-2.451304
0.850000	-0.830054	-0.894989	-1.673051	-2.230437
0.860000	-0.846408	-0.916166	-1.597605	-2.003996
0.870000	-0.862001	-0.935053	-1.520721	-1.772545
0.880000	-0.876818	-0.951602	-1.442468	-1.536664
0.890000	-0.890846	-0.965773	-1.362917	-1.296943
0.900000	-0.904072	-0.977530	-1.282140	-1.053979
0.910000	-0.916485	-0.986844	-1.200208	-0.808381
0.920000	-0.928073	-0.993691	-1.117197	-0.560763
0.930000	-0.938825	-0.998054	-1.033180	-0.311743
0.940000	-0.948733	-0.999923	-0.948234	-0.061943
0.950000	-0.957787	-0.999293	-0.862434	0.188011
0.960000	-0.965979	-0.996165	-0.775858	0.437495
0.970000	-0.973302	-0.990547	-0.688584	0.685886
0.980000	-0.979749	-0.982453	-0.600690	0.932562
0.990000	-0.985314	-0.971903	-0.512255	1.176907
1.000000	-0.989992	-0.958924	-0.423360	1.418311
1.010000	-0.993780	-0.943549	-0.334084	1.656170
1.020000	-0.996673	-0.925815	-0.244506	1.889889
1.030000	-0.998669	-0.905767	-0.154709	2.118884
1.040000	-0.999767	-0.883455	-0.064773	2.342583
1.050000	-0.999965	-0.858934	0.025222	2.560427
1.060000	-0.999263	-0.832267	0.115194	2.771872
1.070000	-0.997661	-0.803520	0.205062	2.976388
1.080000	-0.995162	-0.772764	0.294746	3.173464
1.090000	-0.991767	-0.740077	0.384164	3.362609
1.100000	-0.987480	-0.705540	0.473237	3.543349
1.110000	-0.982304	-0.669240	0.561884	3.715232
1.120000	-0.976244	-0.631267	0.650025	3.877829
1.130000	-0.969305	-0.591716	0.737582	4.030734
1.140000	-0.961494	-0.550686	0.824474	4.173564
1.150000	-0.952818	-0.508279	0.910625	4.305962
1.160000	-0.943285	-0.464602	0.995956	4.427598
1.170000	-0.932902	-0.419764	1.080390	4.538166
1.180000	-0.921680	-0.373877	1.163853	4.637392
1.190000	-0.909629	-0.327055	1.246268	4.725027
1.200000	-0.896758	-0.279415	1.327561	4.800851
1.210000	-0.883081	-0.231078	1.407660	4.864676
1.220000	-0.868609	-0.182163	1.486492	4.916342
1.230000	-0.853356	-0.132792	1.563986	4.955720
1.240000	-0.837334	-0.083089	1.640073	4.982710
1.250000	-0.820559	-0.033179	1.714684	4.997247
1.260000	-0.803046	0.016814	1.787752	4.999293
1.270000	-0.784810	0.066765	1.859211	4.988844
1.280000	-0.765867	0.116549	1.928996	4.965925
1.290000	-0.746236	0.166042	1.997046	4.930593
1.300000	-0.725932	0.215120	2.063298	4.882938
1.310000	-0.704976	0.263660	2.127694	4.823078
1.320000	-0.683385	0.311541	2.190175	4.751163
1.330000	-0.661179	0.358644	2.250685	4.667372
1.340000	-0.638378	0.404850	2.309169	4.571916
1.350000	-0.615002	0.450044	2.365576	4.465032
1.360000	-0.591073	0.494113	2.419853	4.346987
1.370000	-0.566613	0.536948	2.471953	4.218078
1.380000	-0.541642	0.578440	2.521828	4.078626
1.390000	-0.516184	0.618486	2.569434	3.928979
1.400000	-0.490261	0.656987	2.614727	3.769511
1.410000	-0.463897	0.693845	2.657668	3.600622
1.420000	-0.437115	0.728969	2.698216	3.422733
1.430000	-0.409941	0.762271	2.736337	3.236289
1.440000	-0.382397	0.793668	2.771994	3.041757
1.450000	-0.354509	0.823081	2.805158	2.839621
1.460000	-0.326302	0.850437	2.835797	2.630388
1.470000	-0.297802	0.875667	2.863883	2.414580
1.480000	-0.269033	0.898708	2.889393	2.192737
1.490000	-0.240022	0.919503	2.912302	1.965413
1.500000	-0.210796	0.938000	2.932590	1.733177
1.510000	-0.181379	0.954152	2.950240	1.496608
1.520000	-0.151800	0.967920	2.965234	1.256299
1.530000	-0.122084	0.979268	2.977559	1.012850
1.540000	-0.092258	0.988168	2.987206	0.766869
1.550000	-0.062349	0.994599	2.994163	0.518972
1.560000	-0.032383	0.998543	2.998427	0.269777
1.570000	-0.002389	0.999992	2.999991	0.019908
1.580000	0.027608	0.998941	2.998857	-0.230011
1.590000	0.057579	0.995394	2.995023	-0.479354
1.600000	0.087499	0.989358	2.988494	-0.727500
1.610000	0.117340	0.980850	2.979275	-0.973827
1.620000	0.147076	0.969890	2.967376	-1.217721
1.630000	0.176679	0.956506	2.952806	-1.458570
1.640000	0.206123	0.940731	2.935578	-1.695774
1.650000	0.235381	0.922604	2.915709	-1.928740
1.660000	0.264428	0.902172	2.893216	-2.156884
1.670000	0.293237	0.879484	2.868119	-2.379638
1.680000	0.321782	0.854599	2.840441	-2.596443
1.690000	0.350037	0.827577	2.810207	-2.806759
1.700000	0.377978	0.798487	2.777444	-3.010060
1.710000	0.405578	0.767401	2.742181	-3.205836
1.720000	0.432813	0.734397	2.704451	-3.393600
1.730000	0.459659	0.699557	2.664287	-3.572882
1.740000	0.486091	0.662969	2.621725	-3.743233
1.750000	0.512085	0.624724	2.576803	-3.904228
1.760000	0.537619	0.584917	2.529563	-4.055465
1.770000	0.562669	0.543648	2.480047	-4.196565
1.780000	0.587213	0.501021	2.428298	-4.327176
1.790000	0.611228	0.457141	2.374364	-4.446971
1.800000	0.634693	0.412118	2.318293	-4.555651
1.810000	0.657587	0.366066	2.260137	-4.652945
1.820000	0.679889	0.319098	2.199946	-4.738608
1.830000	0.701579	0.271333	2.137775	-4.812427
1.840000	0.722638	0.222890	2.073680	-4.874218
1.850000	0.743046	0.173889	2.007720	-4.923826
1.860000	0.762786	0.124454	1.939952	-4.961127
1.870000	0.781840	0.074708	1.870439	-4.986027
1.880000	0.800189	0.024775	1.799242	-4.998465
1.890000	0.817819	-0.025219	1.726426	-4.998410
1.900000	0.834713	-0.075151	1.652057	-4.985861
1.910000	0.850855	-0.124895	1.576200	-4.960850
1.920000	0.866232	-0.174327	1.498926	-4.923439
1.930000	0.880829	-0.223323	1.420302	-4.873723
1.940000	0.894634	-0.271761	1.340400	-4.811824
1.950000	0.907633	-0.319519	1.259292	-4.737899
1.960000	0.919816	-0.366479	1.177051	-4.652131
1.970000	0.931171	-0.412523	1.093750	-4.554736
1.980000	0.941688	-0.457536	1.009465	-4.445956
1.990000	0.951357	-0.501405	0.924272	-4.326063
2.000000	0.960170	-0.544021	0.838246	-4.195358
2.010000	0.968119	-0.585277	0.751467	-4.054166
2.020000	0.975197	-0.625071	0.664011	-3.902841
2.030000	0.981398	-0.663302	0.575958	-3.741761
2.040000	0.986715	-0.699875	0.487386	-3.571328
2.050000	0.991144	-0.734698	0.398376	-3.391969
2.060000	0.994681	-0.767686	0.309007	-3.204132
2.070000	0.997323	-0.798754	0.219360	-3.008286
2.080000	0.999068	-0.827826	0.129516	-2.804921
2.090000	0.999913	-0.854829	0.039555	-2.594545
2.100000	0.999859	-0.879696	-0.050442	-2.377685
2.110000	0.998904	-0.902363	-0.140393	-2.154881
2.120000	0.997051	-0.922775	-0.230218	-1.926691
2.130000	0.994301	-0.940881	-0.319835	-1.693685
2.140000	0.990655	-0.956635	-0.409165	-1.456446
2.150000	0.986119	-0.969998	-0.498126	-1.215567
2.160000	0.980694	-0.980936	-0.586640	-0.971650
2.170000	0.974388	-0.989423	-0.674625	-0.725303
2.180000	0.967204	-0.995436	-0.762003	-0.477144
2.190000	0.959150	-0.998962	-0.848695	-0.227793
2.200000	0.950233	-0.999990	-0.934624	0.022128
2.210000	0.940460	-0.998519	-1.019712	0.271994
2.220000	0.929841	-0.994553	-1.103882	0.521180
2.230000	0.918386	-0.988100	-1.187058	0.769063
2.240000	0.906104	-0.979178	-1.269166	1.015024
2.250000	0.893006	-0.967808	-1.350132	1.258448
2.260000	0.879105	-0.954019	-1.429883	1.498727
2.270000	0.864413	-0.937846	-1.508347	1.735259
2.280000	0.848943	-0.919329	-1.585454	1.967454
2.290000	0.832709	-0.898513	-1.661134	2.194732
2.300000	0.815725	-0.875452	-1.735319	2.416524
2.310000	0.798007	-0.850203	-1.807943	2.632276
2.320000	0.779572	-0.822829	-1.878939	2.841448
2.330000	0.760434	-0.793398	-1.948245	3.043519
2.340000	0.740613	-0.761984	-2.015797	3.237982
2.350000	0.720124	-0.728665	-2.081535	3.424352
2.360000	0.698988	-0.693525	-2.145400	3.602162
2.370000	0.677223	-0.656652	-2.207334	3.770970
2.380000	0.654848	-0.618137	-2.267282	3.930351
2.390000	0.631884	-0.578077	-2.325189	4.079909
2.400000	0.608351	-0.536573	-2.381004	4.219270
2.410000	0.584271	-0.493727	-2.434676	4.348084
2.420000	0.559665	-0.449647	-2.486157	4.466031
2.430000	0.534555	-0.404444	-2.535400	4.572814
2.440000	0.508965	-0.358229	-2.582362	4.668168
2.450000	0.482916	-0.311119	-2.627000	4.751854
2.460000	0.456433	-0.263232	-2.669274	4.823663
2.470000	0.429538	-0.214686	-2.709146	4.883415
2.480000	0.402258	-0.165604	-2.746579	4.930962
2.490000	0.374615	-0.116108	-2.781541	4.966183
2.500000	0.346635	-0.066322	-2.814000	4.988991
2.510000	0.318344	-0.016370	-2.843926	4.999330
2.520000	0.289765	0.033623	-2.871293	4.997173
2.530000	0.260926	0.083532	-2.896076	4.982526
2.540000	0.231852	0.133232	-2.918253	4.955424
2.550000	0.202570	0.182599	-2.937803	4.915937
2.560000	0.173105	0.231510	-2.954710	4.864163
2.570000	0.143485	0.279842	-2.968958	4.800231
2.580000	0.113735	0.327474	-2.980533	4.724300
2.590000	0.083883	0.374289	-2.989427	4.636562
2.600000	0.053955	0.420167	-2.995630	4.537234
2.610000	0.023979	0.464995	-2.999137	4.426566
2.620000	-0.006018	0.508661	-2.999946	4.304833
2.630000	-0.036011	0.551056	-2.998054	4.172341
2.640000	-0.065970	0.592074	-2.993465	4.029420
2.650000	-0.095871	0.631611	-2.986181	3.876427
2.660000	-0.125685	0.669570	-2.976211	3.713746
2.670000	-0.155386	0.705855	-2.963561	3.541782
2.680000	-0.184947	0.740376	-2.948245	3.360965
2.690000	-0.214342	0.773046	-2.930276	3.171748
2.700000	-0.243544	0.803784	-2.909669	2.974603
2.710000	-0.272527	0.832514	-2.886444	2.770023
2.720000	-0.301264	0.859162	-2.860622	2.558520
2.730000	-0.329731	0.883663	-2.832225	2.340622
2.740000	-0.357900	0.905955	-2.801279	2.116873
2.750000	-0.385748	0.925982	-2.767813	1.887833
2.760000	-0.413248	0.943696	-2.731855	1.654074
2.770000	-0.440377	0.959050	-2.693439	1.416182
2.780000	-0.467109	0.972008	-2.652599	1.174749
2.790000	-0.493421	0.982535	-2.609372	0.930380
2.800000	-0.519289	0.990607	-2.563797	0.683686
2.810000	-0.544689	0.996203	-2.515914	0.435283
2.820000	-0.569599	0.999309	-2.465767	0.185792
2.830000	-0.593997	0.999918	-2.413402	-0.064164
2.840000	-0.617860	0.998027	-2.358864	-0.313959
2.850000	-0.641167	0.993641	-2.302203	-0.562969
2.860000	-0.663897	0.986772	-2.243471	-0.810572
2.870000	-0.686030	0.977436	-2.182720	-1.056149
2.880000	-0.707545	0.965658	-2.120004	-1.299087
2.890000	-0.728424	0.951466	-2.055381	-1.538777
2.900000	-0.748647	0.934895	-1.988908	-1.774621
2.910000	-0.768196	0.915988	-1.920645	-2.006030
2.920000	-0.787054	0.894791	-1.850653	-2.232424
2.930000	-0.805203	0.871358	-1.778996	-2.453239
2.940000	-0.822628	0.845747	-1.705738	-2.667922
2.950000	-0.839313	0.818022	-1.630945	-2.875936
2.960000	-0.855242	0.788252	-1.554685	-3.076762
2.970000	-0.870402	0.756512	-1.477025	-3.269898
2.980000	-0.884778	0.722881	-1.398036	-3.454861
2.990000	-0.898359	0.687444	-1.317789	-3.631188
3.000000	-0.911130	0.650288	-1.236355	-3.798440
3.010000	-0.923082	0.611507	-1.153810	-3.956197
3.020000	-0.934203	0.571197	-1.070226	-4.104065
3.030000	-0.944483	0.529459	-0.985678	-4.241676
3.040000	-0.953914	0.486399	-0.900244	-4.368685
3.050000	-0.962485	0.442122	-0.814000	-4.484774
3.060000	-0.970191	0.396741	-0.727023	-4.589654
3.070000	-0.977024	0.350367	-0.639391	-4.683062
3.080000	-0.982977	0.303118	-0.551185	-4.764765
3.090000	-0.988046	0.255112	-0.462482	-4.834558
3.100000	-0.992225	0.206467	-0.373363	-4.892267
3.110000	-0.995512	0.157307	-0.283908	-4.937749
3.120000	-0.997903	0.107754	-0.194198	-4.970888
3.130000	-0.999395	0.057931	-0.104313	-4.991603
3.140000	-0.999989	0.007963	-0.014334	-4.999841
3.150000	-0.999682	-0.042024	0.075658	-4.995583
3.160000	-0.998476	-0.091907	0.165582	-4.978838
3.170000	-0.996371	-0.141560	0.255357	-4.949649
3.180000	-0.993369	-0.190859	0.344902	-4.908088
3.190000	-0.989474	-0.239680	0.434136	-4.854259
3.200000	-0.984688	-0.287903	0.522980	-4.788297
3.210000	-0.979016	-0.335407	0.611354	-4.710367
3.220000	-0.972463	-0.382071	0.699177	-4.620664
3.230000	-0.965034	-0.427781	0.786371	-4.519411
3.240000	-0.956738	-0.472422	0.872857	-4.406862
3.250000	-0.947580	-0.515882	0.958558	-4.283299
3.260000	-0.937569	-0.558052	1.043396	-4.149029
3.270000	-0.926715	-0.598828	1.127295	-4.004389
3.280000	-0.915027	-0.638107	1.210179	-3.849740
3.290000	-0.902515	-0.675791	1.291975	-3.685468
3.300000	-0.889191	-0.711785	1.372608	-3.511985
3.310000	-0.875067	-0.746001	1.452005	-3.329724
3.320000	-0.860155	-0.778352	1.530096	-3.139140
3.330000	-0.844470	-0.808758	1.606810	-2.940710
3.340000	-0.828024	-0.837142	1.682078	-2.734930
3.350000	-0.810833	-0.863433	1.755832	-2.522314
3.360000	-0.792913	-0.887567	1.828006	-2.303393
3.370000	-0.774279	-0.909482	1.898535	-2.078715
3.380000	-0.754948	-0.929124	1.967355	-1.848841
3.390000	-0.734937	-0.946444	2.034405	-1.614347
3.400000	-0.714266	-0.961397	2.099624	-1.375817
3.410000	-0.692951	-0.973948	2.162954	-1.133848
3.420000	-0.671013	-0.984065	2.224337	-0.889045
3.430000	-0.648471	-0.991722	2.283718	-0.642021
3.440000	-0.625346	-0.996900	2.341044	-0.393391
3.450000	-0.601657	-0.999586	2.396263	-0.143778
3.460000	-0.577427	-0.999774	2.449326	0.106194
3.470000	-0.552678	-0.997463	2.500184	0.355901
3.480000	-0.527431	-0.992659	2.548793	0.604718
3.490000	-0.501710	-0.985374	2.595108	0.852024
3.500000	-0.475537	-0.975626	2.639087	1.097200
3.510000	-0.448936	-0.963439	2.680692	1.339633
3.520000	-0.421931	-0.948844	2.719884	1.578719
3.530000	-0.394547	-0.931878	2.756628	1.813858
3.540000	-0.366807	-0.912582	2.790891	2.044464
3.550000	-0.338737	-0.891006	2.822643	2.269959
3.560000	-0.310362	-0.867202	2.851855	2.489781
3.570000	-0.281709	-0.841231	2.878500	2.703380
3.580000	-0.252801	-0.813157	2.902555	2.910221
3.590000	-0.223666	-0.783051	2.923997	3.109789
3.600000	-0.194330	-0.750987	2.942809	3.301584
3.610000	-0.164819	-0.717047	2.958972	3.485126
3.620000	-0.135159	-0.681314	2.972472	3.659957
3.630000	-0.105378	-0.643878	2.983297	3.825641
3.640000	-0.075502	-0.604833	2.991437	3.981762
3.650000	-0.045559	-0.564276	2.996885	4.127931
3.660000	-0.015574	-0.522309	2.999636	4.263783
3.670000	0.014425	-0.479036	2.999688	4.388977
3.680000	0.044411	-0.434566	2.997040	4.503201
3.690000	0.074357	-0.389009	2.991695	4.606169
3.700000	0.104236	-0.342481	2.983658	4.697624
3.710000	0.134021	-0.295096	2.972935	4.777338
3.720000	0.163686	-0.246974	2.959538	4.845111
3.730000	0.193203	-0.198234	2.943476	4.900774
3.740000	0.222547	-0.148999	2.924766	4.944187
3.750000	0.251690	-0.099392	2.903424	4.975242
3.760000	0.280606	-0.049536	2.879469	4.993862
3.770000	0.309270	0.000444	2.852922	5.000000
3.780000	0.337656	0.050423	2.823809	4.993640
3.790000	0.365738	0.100275	2.792153	4.974799
3.800000	0.393491	0.149877	2.757986	4.943523
3.810000	0.420890	0.199105	2.721336	4.899891
3.820000	0.447909	0.247834	2.682237	4.844012
3.830000	0.474526	0.295944	2.640724	4.776026
3.840000	0.500716	0.343315	2.596835	4.696102
3.850000	0.526455	0.389827	2.550609	4.604440
3.860000	0.551721	0.435365	2.502087	4.501269
3.870000	0.576489	0.479815	2.451314	4.386848
3.880000	0.600739	0.523066	2.398335	4.261462
3.890000	0.624449	0.565009	2.343197	4.125424
3.900000	0.647596	0.605540	2.285951	3.979075
3.910000	0.670161	0.644557	2.226647	3.822780
3.920000	0.692123	0.681964	2.165340	3.656930
3.930000	0.713461	0.717665	2.102084	3.481940
3.940000	0.734158	0.751573	2.036936	3.298247
3.950000	0.754194	0.783603	1.969955	3.106310
3.960000	0.773551	0.813674	1.901202	2.906609
3.970000	0.792212	0.841711	1.830737	2.699643
3.980000	0.810160	0.867644	1.758625	2.485929
3.990000	0.827379	0.891409	1.684930	2.266002
4.000000	0.843854	0.912945	1.609719	2.040410
4.010000	0.859569	0.932200	1.533059	1.809719
4.020000	0.874511	0.949125	1.455020	1.574505
4.030000	0.888665	0.963677	1.375671	1.335355
4.040000	0.902020	0.975821	1.295084	1.092867
4.050000	0.914563	0.985525	1.213331	0.847648
4.060000	0.926283	0.992766	1.130487	0.600310
4.070000	0.937169	0.997526	1.046626	0.351471
4.080000	0.947212	0.999793	0.961822	0.101754
4.090000	0.956403	0.999561	0.876153	-0.148217
4.100000	0.964733	0.996830	0.789695	-0.397818
4.110000	0.972194	0.991607	0.702527	-0.646424
4.120000	0.978781	0.983907	0.614727	-0.893415
4.130000	0.984487	0.973747	0.526373	-1.138173
4.140000	0.989307	0.961153	0.437546	-1.380086
4.150000	0.993237	0.946156	0.348324	-1.618549
4.160000	0.996272	0.928795	0.258790	-1.852967
4.170000	0.998412	0.909113	0.169022	-2.082753
4.180000	0.999652	0.887158	0.079103	-2.307334
4.190000	0.999993	0.862985	-0.010888	-2.526147
4.200000	0.999435	0.836656	-0.100869	-2.738646
4.210000	0.997976	0.808235	-0.190759	-2.944300
4.220000	0.995620	0.777794	-0.280478	-3.142595
4.230000	0.992368	0.745409	-0.369944	-3.333036
4.240000	0.988222	0.711161	-0.459077	-3.515145
4.250000	0.983187	0.675136	-0.547797	-3.688468
4.260000	0.977268	0.637423	-0.636025	-3.852572
4.270000	0.970469	0.598116	-0.723679	-4.007047
4.280000	0.962796	0.557315	-0.810683	-4.151506
4.290000	0.954258	0.515121	-0.896957	-4.285588
4.300000	0.944860	0.471639	-0.982423	-4.408959
4.310000	0.934612	0.426978	-1.067006	-4.521309
4.320000	0.923523	0.381250	-1.150628	-4.622359
4.330000	0.911603	0.334570	-1.233215	-4.711855
4.340000	0.898863	0.287053	-1.314692	-4.789574
4.350000	0.885313	0.238818	-1.394986	-4.855322
4.360000	0.870967	0.189987	-1.474025	-4.908933
4.370000	0.855837	0.140680	-1.551737	-4.950275
4.380000	0.839937	0.091022	-1.628052	-4.979244
4.390000	0.823281	0.041137	-1.702903	-4.995768
4.400000	0.805884	-0.008851	-1.776221	-4.999804
4.410000	0.787762	-0.058817	-1.847940	-4.991344
4.420000	0.768931	-0.108637	-1.917996	-4.970408
4.430000	0.749408	-0.158184	-1.986327	-4.937048
4.440000	0.729210	-0.207336	-2.052870	-4.891349
4.450000	0.708356	-0.255970	-2.117565	-4.833423
4.460000	0.686865	-0.303965	-2.180355	-4.763417
4.470000	0.664756	-0.351199	-2.241182	-4.681504
4.480000	0.642048	-0.397556	-2.299993	-4.587890
4.490000	0.618763	-0.442919	-2.356733	-4.482809
4.500000	0.594921	-0.487175	-2.411353	-4.366523
4.510000	0.570543	-0.530213	-2.463803	-4.239323
4.520000	0.545652	-0.571926	-2.514036	-4.101527
4.530000	0.520270	-0.612209	-2.562006	-3.953480
4.540000	0.494420	-0.650962	-2.607670	-3.795550
4.550000	0.468124	-0.688088	-2.650988	-3.628134
4.560000	0.441408	-0.723495	-2.691920	-3.451649
4.570000	0.414294	-0.757093	-2.730429	-3.266537
4.580000	0.386807	-0.788798	-2.766482	-3.073261
4.590000	0.358973	-0.818532	-2.800044	-2.872303
4.600000	0.330815	-0.846220	-2.831087	-2.664165
4.610000	0.302359	-0.871793	-2.859582	-2.449369
4.620000	0.273632	-0.895187	-2.885504	-2.228450
4.630000	0.244658	-0.916344	-2.908828	-2.001961
4.640000	0.215464	-0.935210	-2.929535	-1.770469
4.650000	0.186076	-0.951738	-2.947606	-1.534551
4.660000	0.156521	-0.965888	-2.963024	-1.294798
4.670000	0.126824	-0.977624	-2.975776	-1.051808
4.680000	0.097014	-0.986916	-2.985849	-0.806190
4.690000	0.067116	-0.993741	-2.993235	-0.558556
4.700000	0.037158	-0.998082	-2.997928	-0.309526
4.710000	0.007167	-0.999929	-2.999923	-0.059723
4.720000	-0.022831	-0.999276	-2.999218	0.190230
4.730000	-0.052808	-0.996126	-2.995814	0.439707
4.740000	-0.082738	-0.990486	-2.989714	0.688085
4.750000	-0.112594	-0.982370	-2.980923	0.934743
4.760000	-0.142348	-0.971798	-2.969450	1.179065
4.770000	-0.171974	-0.958798	-2.955305	1.420440
4.780000	-0.201445	-0.943401	-2.938499	1.658264
4.790000	-0.230735	-0.925647	-2.919050	1.891944
4.800000	-0.259817	-0.905578	-2.896973	2.120895
4.810000	-0.288666	-0.883247	-2.872290	2.344545
4.820000	-0.317255	-0.858707	-2.845021	2.562334
4.830000	-0.345558	-0.832021	-2.815192	2.773719
4.840000	-0.373550	-0.803256	-2.782830	2.978172
4.850000	-0.401206	-0.772483	-2.747964	3.175180
4.860000	-0.428501	-0.739779	-2.710624	3.364252
4.870000	-0.455410	-0.705226	-2.670845	3.544915
4.880000	-0.481910	-0.668910	-2.628662	3.716718
4.890000	-0.507976	-0.630922	-2.584114	3.879231
4.900000	-0.533584	-0.591358	-2.537240	4.032047
4.910000	-0.558713	-0.550315	-2.488083	4.174786
4.920000	-0.583339	-0.507897	-2.436687	4.307090
4.930000	-0.607439	-0.464209	-2.383098	4.428629
4.940000	-0.630993	-0.419361	-2.327365	4.539098
4.950000	-0.653980	-0.373465	-2.269536	4.638222
4.960000	-0.676377	-0.326635	-2.209666	4.725753
4.970000	-0.698166	-0.278989	-2.147807	4.801471
4.980000	-0.719327	-0.230646	-2.084015	4.865189
4.990000	-0.739840	-0.181726	-2.018347	4.916746
5.000000	-0.759688	-0.132352	-1.950864	4.956014
5.010000	-0.778852	-0.082647	-1.881624	4.982894
5.020000	-0.797315	-0.032735	-1.810691	4.997320
5.030000	-0.815060	0.017258	-1.738129	4.999255
5.040000	-0.832072	0.067208	-1.664002	4.988695
5.050000	-0.848335	0.116990	-1.588378	4.965665
5.060000	-0.863835	0.166480	-1.511325	4.930224
5.070000	-0.878557	0.215554	-1.432911	4.882460
5.080000	-0.892489	0.264089	-1.353208	4.822492
5.090000	-0.905617	0.311963	-1.272288	4.750471
5.100000	-0.917931	0.359058	-1.190222	4.666576
5.110000	-0.929418	0.405256	-1.107085	4.571016
5.120000	-0.940069	0.450441	-1.022952	4.464032
5.130000	-0.949874	0.494499	-0.937898	4.345890
5.140000	-0.958824	0.537322	-0.852000	4.216885
5.150000	-0.966912	0.578802	-0.765335	4.077341
5.160000	-0.974129	0.618835	-0.677982	3.927605
5.170000	-0.980469	0.657321	-0.590018	3.768052
5.180000	-0.985927	0.694165	-0.501524	3.599081
5.190000	-0.990498	0.729273	-0.412578	3.421114
5.200000	-0.994178	0.762558	-0.323261	3.234597
5.210000	-0.996962	0.793938	-0.233653	3.039994
5.220000	-0.998850	0.823333	-0.143835	2.837793
5.230000	-0.999839	0.850670	-0.053887	2.628499
5.240000	-0.999928	0.875881	0.036109	2.412635
5.250000	-0.999117	0.898903	0.126073	2.190741
5.260000	-0.997406	0.919678	0.215923	1.963371
5.270000	-0.994799	0.938154	0.305579	1.731094
5.280000	-0.991296	0.954285	0.394960	1.494490
5.290000	-0.986901	0.968031	0.483986	1.254150
5.300000	-0.981618	0.979358	0.572576	1.010676
5.310000	-0.975451	0.988236	0.660650	0.764675
5.320000	-0.968407	0.994645	0.748131	0.516763
5.330000	-0.960491	0.998567	0.834937	0.267560
5.340000	-0.951710	0.999994	0.920993	0.017688
5.350000	-0.942073	0.998921	1.006220	-0.232229
5.360000	-0.931589	0.995351	1.090541	-0.481565
5.370000	-0.920266	0.989294	1.173880	-0.729697
5.380000	-0.908115	0.980763	1.256164	-0.976005
5.390000	-0.895146	0.969782	1.337317	-1.219874
5.400000	-0.881372	0.956376	1.417266	-1.460694
5.410000	-0.866805	0.940580	1.495940	-1.697863
5.420000	-0.851458	0.922433	1.573268	-1.930788
5.430000	-0.835345	0.901980	1.649179	-2.158887
5.440000	-0.818480	0.879273	1.723607	-2.381590
5.450000	-0.800878	0.854368	1.796484	-2.598341
5.460000	-0.782555	0.827328	1.867743	-2.808596
5.470000	-0.763529	0.798220	1.937322	-3.011832
5.480000	-0.743815	0.767116	2.005158	-3.207540
5.490000	-0.723431	0.734096	2.071189	-3.395231
5.500000	-0.702397	0.699240	2.135356	-3.574435
5.510000	-0.680731	0.662637	2.197601	-3.744705
5.520000	-0.658452	0.624377	2.257869	-3.905615
5.530000	-0.635580	0.584557	2.316105	-4.056763
5.540000	-0.612136	0.543276	2.372256	-4.197772
5.550000	-0.588142	0.500636	2.426273	-4.328288
5.560000	-0.563618	0.456746	2.478106	-4.447986
5.570000	-0.538587	0.411714	2.527709	-4.556566
5.580000	-0.513072	0.365653	2.575037	-4.653757
5.590000	-0.487094	0.318677	2.620048	-4.739316
5.600000	-0.460679	0.270906	2.662701	-4.813029
5.610000	-0.433848	0.222457	2.702958	-4.874713
5.620000	-0.406628	0.173452	2.740782	-4.924211
5.630000	-0.379041	0.124014	2.776140	-4.961402
5.640000	-0.351113	0.074265	2.808999	-4.986193
5.650000	-0.322869	0.024331	2.839331	-4.998520
5.660000	-0.294335	-0.025663	2.867107	-4.998353
5.670000	-0.265536	-0.075594	2.892303	-4.985693
5.680000	-0.236498	-0.125336	2.914896	-4.960572
5.690000	-0.207247	-0.174764	2.934866	-4.923052
5.700000	-0.177809	-0.223756	2.952195	-4.873226
5.710000	-0.148212	-0.272188	2.966867	-4.811221
5.720000	-0.118481	-0.319940	2.978869	-4.737189
5.730000	-0.088643	-0.366892	2.988190	-4.651317
5.740000	-0.058726	-0.412928	2.994822	-4.553819
5.750000	-0.028756	-0.457931	2.998759	-4.444939
5.760000	0.001240	-0.501789	2.999998	-4.324949
5.770000	0.031235	-0.544394	2.998536	-4.194149
5.780000	0.061202	-0.585637	2.994376	-4.052866
5.790000	0.091114	-0.625417	2.987521	-3.901453
5.800000	0.120944	-0.663634	2.977978	-3.740288
5.810000	0.150664	-0.700192	2.965755	-3.569774
5.820000	0.180250	-0.735000	2.950863	-3.390338
5.830000	0.209673	-0.767970	2.933315	-3.202427
5.840000	0.238907	-0.799021	2.913127	-3.006512
5.850000	0.267927	-0.828076	2.890318	-2.803083
5.860000	0.296705	-0.855060	2.864908	-2.592647
5.870000	0.325216	-0.879907	2.836919	-2.375731
5.880000	0.353435	-0.902555	2.806377	-2.152877
5.890000	0.381335	-0.922946	2.773310	-1.924642
5.900000	0.408893	-0.941031	2.737747	-1.691596
5.910000	0.436082	-0.956764	2.699721	-1.454322
5.920000	0.462879	-0.970106	2.659264	-1.213413
5.930000	0.489259	-0.981022	2.616415	-0.969471
5.940000	0.515200	-0.989487	2.571211	-0.723106
5.950000	0.540676	-0.995479	2.523693	-0.474934
5.960000	0.565666	-0.998982	2.473904	-0.225574
5.970000	0.590147	-0.999988	2.421888	0.024349
5.980000	0.614096	-0.998495	2.367693	0.274211
5.990000	0.637493	-0.994506	2.311368	0.523388
6.000000	0.660317	-0.988032	2.252962	0.771257
6.010000	0.682546	-0.979087	2.192528	1.017198
6.020000	0.704161	-0.967696	2.130122	1.260597
6.030000	0.725142	-0.953886	2.065798	1.500845
6.040000	0.745470	-0.937692	1.999616	1.737341
6.050000	0.765128	-0.919154	1.931634	1.969495
6.060000	0.784097	-0.898318	1.861914	2.196727
6.070000	0.802361	-0.875237	1.790518	2.418467
6.080000	0.819902	-0.849969	1.717510	2.634163
6.090000	0.836706	-0.822576	1.642957	2.843275
6.100000	0.852757	-0.793127	1.566926	3.045280
6.110000	0.868040	-0.761696	1.489484	3.239673
6.120000	0.882542	-0.728361	1.410702	3.425969
6.130000	0.896250	-0.693205	1.330650	3.603702
6.140000	0.909151	-0.656317	1.249401	3.772427
6.150000	0.921234	-0.617788	1.167028	3.931724
6.160000	0.932488	-0.577715	1.083604	4.081193
6.170000	0.942903	-0.536198	0.999205	4.220461
6.180000	0.952469	-0.493341	0.913907	4.349180
6.190000	0.961178	-0.449251	0.827787	4.467029
6.200000	0.969022	-0.404038	0.740921	4.573712
6.210000	0.975994	-0.357815	0.653389	4.668963
6.220000	0.982088	-0.310697	0.565268	4.752545
6.230000	0.987298	-0.262803	0.476639	4.824247
6.240000	0.991619	-0.214253	0.387581	4.883892
6.250000	0.995048	-0.165166	0.298175	4.931329
6.260000	0.997582	-0.115667	0.208500	4.966440
6.270000	0.999218	-0.065879	0.118637	4.989138
6.280000	0.999954	-0.015926	0.028667	4.999366
6.290000	0.999791	0.034067	-0.061328	4.997098
6.300000	0.998728	0.083974	-0.151268	4.982340
6.310000	0.996766	0.133672	-0.241072	4.955128
6.320000	0.993907	0.183036	-0.330659	4.915531
6.330000	0.990154	0.231942	-0.419949	4.863648
6.340000	0.985510	0.280268	-0.508860	4.799609
6.350000	0.979978	0.327894	-0.597314	4.723573
6.360000	0.973565	0.374700	-0.685230	4.635730
6.370000	0.966276	0.420570	-0.772529	4.536301
6.380000	0.958117	0.465388	-0.859133	4.425533
6.390000	0.949096	0.509044	-0.944964	4.303703
6.400000	0.939220	0.551427	-1.029945	4.171117
6.410000	0.928500	0.592431	-1.113998	4.028105
6.420000	0.916944	0.631955	-1.197050	3.875025
6.430000	0.904562	0.669900	-1.279024	3.712259
6.440000	0.891367	0.706169	-1.359847	3.540214
6.450000	0.877370	0.740674	-1.439446	3.359321
6.460000	0.862582	0.773328	-1.517749	3.170031
6.470000	0.847019	0.804049	-1.594687	2.972818
6.480000	0.830694	0.832759	-1.670190	2.768175
6.490000	0.813620	0.859389	-1.744190	2.556612
6.500000	0.795815	0.883870	-1.816620	2.338659
6.510000	0.777293	0.906143	-1.887415	2.114861
6.520000	0.758072	0.926150	-1.956511	1.885777
6.530000	0.738169	0.943842	-2.023847	1.651979
6.540000	0.717601	0.959176	-2.089362	1.414052
6.550000	0.696388	0.972112	-2.152996	1.172591
6.560000	0.674548	0.982618	-2.214693	0.928199
6.570000	0.652101	0.990668	-2.274397	0.681486
6.580000	0.629067	0.996242	-2.332054	0.433071
6.590000	0.605467	0.999326	-2.387612	0.183573
6.600000	0.581322	0.999912	-2.441021	-0.066384
6.610000	0.556654	0.997999	-2.492234	-0.316175
6.620000	0.531485	0.993591	-2.541204	-0.565175
6.630000	0.505837	0.986700	-2.587887	-0.812763
6.640000	0.479735	0.977343	-2.632241	-1.058320
6.650000	0.453200	0.965542	-2.674226	-1.301231
6.660000	0.426258	0.951329	-2.713805	-1.540890
6.670000	0.398932	0.934737	-2.750941	-1.776697
6.680000	0.371248	0.915810	-2.785602	-2.008064
6.690000	0.343229	0.894593	-2.817756	-2.234411
6.700000	0.314901	0.871140	-2.847374	-2.455174
6.710000	0.286290	0.845510	-2.874429	-2.669800
6.720000	0.257421	0.817766	-2.898898	-2.877752
6.730000	0.228320	0.787979	-2.920758	-3.078512
6.740000	0.199015	0.756222	-2.939990	-3.271578
6.750000	0.169530	0.722574	-2.956575	-3.456466
6.760000	0.139892	0.687121	-2.970500	-3.632714
6.770000	0.110128	0.649950	-2.981752	-3.799883
6.780000	0.080266	0.611155	-2.990320	-3.957554
6.790000	0.050331	0.570832	-2.996198	-4.105333
6.800000	0.020351	0.529083	-2.999379	-4.242851
6.810000	-0.009648	0.486011	-2.999860	-4.369764
6.820000	-0.039637	0.441724	-2.997642	-4.485755
6.830000	-0.069591	0.396333	-2.992727	-4.590534
6.840000	-0.099483	0.349951	-2.985118	-4.683839
6.850000	-0.129285	0.302695	-2.974822	-4.765437
6.860000	-0.158970	0.254682	-2.961850	-4.835124
6.870000	-0.188513	0.206033	-2.946212	-4.892725
6.880000	-0.217886	0.156869	-2.927923	-4.938097
6.890000	-0.247063	0.107312	-2.906999	-4.971127
6.900000	-0.276017	0.057487	-2.883458	-4.991731
6.910000	-0.304723	0.007519	-2.857323	-4.999859
6.920000	-0.333155	-0.042468	-2.828616	-4.995489
6.930000	-0.361287	-0.092349	-2.797364	-4.978633
6.940000	-0.389094	-0.141999	-2.763594	-4.949334
6.950000	-0.416551	-0.191294	-2.727338	-4.907663
6.960000	-0.443632	-0.240112	-2.688626	-4.853726
6.970000	-0.470315	-0.288329	-2.647496	-4.787658
6.980000	-0.496574	-0.335825	-2.603982	-4.709622
6.990000	-0.522387	-0.382482	-2.558126	-4.619815
7.000000	-0.547729	-0.428183	-2.509967	-4.518461
7.010000	-0.572579	-0.472813	-2.459549	-4.405813
7.020000	-0.596913	-0.516262	-2.406918	-4.282153
7.030000	-0.620710	-0.558421	-2.352121	-4.147789
7.040000	-0.643948	-0.599183	-2.295207	-4.003059
7.050000	-0.666607	-0.638449	-2.236228	-3.848323
7.060000	-0.688666	-0.676118	-2.175236	-3.683968
7.070000	-0.710105	-0.712097	-2.112286	-3.510404
7.080000	-0.730905	-0.746297	-2.047436	-3.328067
7.090000	-0.751048	-0.778631	-1.980743	-3.137412
7.100000	-0.770514	-0.809019	-1.912268	-2.938914
7.110000	-0.789287	-0.837385	-1.842071	-2.733071
7.120000	-0.807350	-0.863657	-1.770217	-2.520396
7.130000	-0.824687	-0.887772	-1.696770	-2.301422
7.140000	-0.841281	-0.909667	-1.621796	-2.076695
7.150000	-0.857118	-0.929288	-1.545362	-1.846778
7.160000	-0.872183	-0.946587	-1.467538	-1.612245
7.170000	-0.886464	-0.961520	-1.388393	-1.373682
7.180000	-0.899947	-0.974049	-1.307998	-1.131685
7.190000	-0.912620	-0.984144	-1.226427	-0.886860
7.200000	-0.924472	-0.991779	-1.143751	-0.639818
7.210000	-0.935492	-0.996935	-1.060047	-0.391177
7.220000	-0.945670	-0.999599	-0.975388	-0.141559
7.230000	-0.954996	-0.999765	-0.889852	0.108414
7.240000	-0.963464	-0.997432	-0.803515	0.358116
7.250000	-0.971064	-0.992606	-0.716454	0.606922
7.260000	-0.977791	-0.985298	-0.628749	0.854212
7.270000	-0.983637	-0.975528	-0.540478	1.099366
7.280000	-0.988599	-0.963320	-0.451721	1.341773
7.290000	-0.992670	-0.948704	-0.362557	1.580825
7.300000	-0.995849	-0.931717	-0.273067	1.815927
7.310000	-0.998131	-0.912401	-0.183331	2.046490
7.320000	-0.999515	-0.890804	-0.093431	2.271937
7.330000	-0.999999	-0.866981	-0.003446	2.491706
7.340000	-0.999584	-0.840991	0.086542	2.705247
7.350000	-0.998269	-0.812899	0.176452	2.912027
7.360000	-0.996055	-0.782775	0.266204	3.111527
7.370000	-0.992945	-0.750694	0.355715	3.303251
7.380000	-0.988942	-0.716737	0.444907	3.486718
7.390000	-0.984049	-0.680989	0.533698	3.661470
7.400000	-0.978270	-0.643538	0.622009	3.827070
7.410000	-0.971610	-0.604479	0.709760	3.983105
7.420000	-0.964077	-0.563909	0.796873	4.129184
7.430000	-0.955675	-0.521930	0.883268	4.264942
7.440000	-0.946414	-0.478646	0.968869	4.390040
7.450000	-0.936301	-0.434166	1.053597	4.504165
7.460000	-0.925345	-0.388600	1.137378	4.607032
7.470000	-0.913557	-0.342063	1.220134	4.698384
7.480000	-0.900946	-0.294672	1.301793	4.777993
7.490000	-0.887525	-0.246543	1.382280	4.845659
7.500000	-0.873305	-0.197799	1.461524	4.901213
7.510000	-0.858299	-0.148560	1.539452	4.944517
7.520000	-0.842520	-0.098950	1.615994	4.975462
7.530000	-0.825984	-0.049092	1.691082	4.993971
7.540000	-0.808704	0.000888	1.764649	4.999998
7.550000	-0.790696	0.050866	1.836627	4.993527
7.560000	-0.771977	0.100717	1.906953	4.974576
7.570000	-0.752563	0.150316	1.975562	4.943190
7.580000	-0.732471	0.199540	2.042394	4.899449
7.590000	-0.711721	0.248264	2.107387	4.843462
7.600000	-0.690330	0.296369	2.170484	4.775368
7.610000	-0.668318	0.343732	2.231628	4.695339
7.620000	-0.645704	0.390236	2.290763	4.603574
7.630000	-0.622509	0.435765	2.347837	4.500302
7.640000	-0.598754	0.480205	2.402798	4.385782
7.650000	-0.574461	0.523444	2.455597	4.260300
7.660000	-0.549650	0.565375	2.506186	4.124169
7.670000	-0.524344	0.605893	2.554519	3.977730
7.680000	-0.498567	0.644897	2.600553	3.821349
7.690000	-0.472341	0.682288	2.644248	3.655416
7.700000	-0.445690	0.717975	2.685562	3.480347
7.710000	-0.418638	0.751866	2.724460	3.296578
7.720000	-0.391209	0.783879	2.760906	3.104570
7.730000	-0.363428	0.813932	2.794867	2.904802
7.740000	-0.335320	0.841951	2.826313	2.697774
7.750000	-0.306910	0.867865	2.855215	2.484002
7.760000	-0.278224	0.891610	2.881548	2.264022
7.770000	-0.249288	0.913126	2.905288	2.038383
7.780000	-0.220127	0.932361	2.926414	1.807649
7.790000	-0.190768	0.949264	2.944905	1.572397
7.800000	-0.161238	0.963795	2.960747	1.333215
7.810000	-0.131562	0.975917	2.973924	1.090700
7.820000	-0.101768	0.985600	2.984424	0.845459
7.830000	-0.071883	0.992820	2.992239	0.598105
7.840000	-0.041933	0.997557	2.997361	0.349256
7.850000	-0.011945	0.999802	2.999786	0.099534
7.860000	0.018054	0.999547	2.999511	-0.150436
7.870000	0.048037	0.996794	2.996537	-0.400031
7.880000	0.077976	0.991550	2.990866	-0.648626
7.890000	0.107845	0.983827	2.982503	-0.895600
7.900000	0.137617	0.973645	2.971457	-1.140335
7.910000	0.167265	0.961030	2.957736	-1.382220
7.920000	0.196763	0.946013	2.941353	-1.620650
7.930000	0.226083	0.928631	2.922324	-1.855029
7.940000	0.255201	0.908927	2.900664	-2.084771
7.950000	0.284088	0.886953	2.876395	-2.309303
7.960000	0.312720	0.862761	2.849536	-2.528063
7.970000	0.341070	0.836412	2.820114	-2.740504
7.980000	0.369114	0.807973	2.788153	-2.946095
7.990000	0.396825	0.777515	2.753683	-3.144322
8.000000	0.424179	0.745113	2.716735	-3.334690
8.010000	0.451151	0.710849	2.677342	-3.516723
8.020000	0.477718	0.674808	2.635540	-3.689967
8.030000	0.503854	0.637080	2.591366	-3.853987
8.040000	0.529537	0.597760	2.544860	-4.008374
8.050000	0.554744	0.556946	2.496064	-4.152743
8.060000	0.579451	0.514740	2.445021	-4.286731
8.070000	0.603637	0.471247	2.391778	-4.410005
8.080000	0.627280	0.426577	2.336383	-4.522257
8.090000	0.650358	0.380840	2.278885	-4.623205
8.100000	0.672850	0.334151	2.219336	-4.712597
8.110000	0.694738	0.286627	2.157790	-4.790211
8.120000	0.716000	0.238387	2.094302	-4.855851
8.130000	0.736617	0.189551	2.028929	-4.909355
8.140000	0.756572	0.140241	1.961730	-4.950587
8.150000	0.775846	0.090580	1.892766	-4.979446
8.160000	0.794422	0.040693	1.822099	-4.995858
8.170000	0.812283	-0.009295	1.749792	-4.999784
8.180000	0.829412	-0.059261	1.675910	-4.991213
8.190000	0.845796	-0.109078	1.600520	-4.970166
8.200000	0.861418	-0.158623	1.523690	-4.936696
8.210000	0.876265	-0.207771	1.445488	-4.890888
8.220000	0.890323	-0.256400	1.365986	-4.832854
8.230000	0.903581	-0.304388	1.285254	-4.762741
8.240000	0.916025	-0.351615	1.203366	-4.680724
8.250000	0.927644	-0.397963	1.120394	-4.587007
8.260000	0.938429	-0.443317	1.036415	-4.481825
8.270000	0.948370	-0.487562	0.951502	-4.365441
8.280000	0.957456	-0.530589	0.865734	-4.238146
8.290000	0.965682	-0.572290	0.779186	-4.100257
8.300000	0.973038	-0.612560	0.691937	-3.952120
8.310000	0.979518	-0.651299	0.604066	-3.794105
8.320000	0.985117	-0.688411	0.515650	-3.626606
8.330000	0.989830	-0.723801	0.426771	-3.450043
8.340000	0.993651	-0.757383	0.337508	-3.264856
8.350000	0.996579	-0.789071	0.247941	-3.071509
8.360000	0.998610	-0.818787	0.158150	-2.870485
8.370000	0.999741	-0.846457	0.068218	-2.662286
8.380000	0.999974	-0.872011	-0.021776	-2.447433
8.390000	0.999306	-0.895385	-0.111750	-2.226462
8.400000	0.997739	-0.916522	-0.201624	-1.999927
8.410000	0.995274	-0.935367	-0.291317	-1.768392
8.420000	0.991914	-0.951875	-0.380747	-1.532438
8.430000	0.987660	-0.966003	-0.469834	-1.292653
8.440000	0.982518	-0.977717	-0.558499	-1.049638
8.450000	0.976492	-0.986987	-0.646661	-0.803998
8.460000	0.969587	-0.993790	-0.734241	-0.556350
8.470000	0.961809	-0.998109	-0.821160	-0.307310
8.480000	0.953166	-0.999934	-0.907341	-0.057503
8.490000	0.943665	-0.999259	-0.992705	0.192448
8.500000	0.933315	-0.996087	-1.077175	0.441918
8.510000	0.922125	-0.990424	-1.160676	0.690284
8.520000	0.910105	-0.982287	-1.243133	0.936924
8.530000	0.897266	-0.971694	-1.324470	1.181223
8.540000	0.883620	-0.958672	-1.404616	1.422569
8.550000	0.869178	-0.943254	-1.483498	1.660359
8.560000	0.853954	-0.925479	-1.561045	1.893999
8.570000	0.837962	-0.905390	-1.637187	2.122906
8.580000	0.821215	-0.883038	-1.711855	2.346506
8.590000	0.803730	-0.858479	-1.784983	2.564241
8.600000	0.785521	-0.831775	-1.856505	2.775567
8.610000	0.766605	-0.802991	-1.926356	2.979955
8.620000	0.747000	-0.772200	-1.994473	3.176895
8.630000	0.726722	-0.739480	-2.060796	3.365894
8.640000	0.705790	-0.704911	-2.125264	3.546481
8.650000	0.684223	-0.668580	-2.187819	3.718203
8.660000	0.662040	-0.630578	-2.248405	3.880631
8.670000	0.639262	-0.590999	-2.306968	4.033360
8.680000	0.615908	-0.549944	-2.363455	4.176008
8.690000	0.592000	-0.507514	-2.417815	4.308218
8.700000	0.567559	-0.463816	-2.469999	4.429659
8.710000	0.542607	-0.418958	-2.519960	4.540029
8.720000	0.517167	-0.373053	-2.567654	4.639051
8.730000	0.491262	-0.326215	-2.613036	4.726477
8.740000	0.464914	-0.278563	-2.656067	4.802090
8.750000	0.438148	-0.230214	-2.696708	4.865701
8.760000	0.410988	-0.181289	-2.734922	4.917149
8.770000	0.383458	-0.131912	-2.770675	4.956307
8.780000	0.355583	-0.082204	-2.803934	4.983078
8.790000	0.327388	-0.032292	-2.834670	4.997392
8.800000	0.298898	0.017702	-2.862855	4.999217
8.810000	0.270139	0.067651	-2.888464	4.988545
8.820000	0.241137	0.117431	-2.911473	4.965405
8.830000	0.211918	0.166918	-2.931862	4.929854
8.840000	0.182509	0.215987	-2.949613	4.881981
8.850000	0.152935	0.264517	-2.964709	4.821905
8.860000	0.123224	0.312385	-2.977137	4.749778
8.870000	0.093401	0.359473	-2.986886	4.665778
8.880000	0.063495	0.405662	-2.993947	4.570116
8.890000	0.033531	0.450837	-2.998313	4.463031
8.900000	0.003538	0.494885	-2.999981	4.344791
8.910000	-0.026459	0.537697	-2.998950	4.215692
8.920000	-0.056432	0.579164	-2.995219	4.076055
8.930000	-0.086355	0.619184	-2.988793	3.926230
8.940000	-0.116199	0.657656	-2.979678	3.766592
8.950000	-0.145939	0.694484	-2.967881	3.597540
8.960000	-0.175548	0.729577	-2.953413	3.419495
8.970000	-0.204999	0.762846	-2.936287	3.232903
8.980000	-0.234265	0.794208	-2.916518	3.038231
8.990000	-0.263320	0.823585	-2.894125	2.835965
9.000000	-0.292139	0.850904	-2.869128	2.626610
9.010000	-0.320694	0.876095	-2.841548	2.410690
9.020000	-0.348961	0.899097	-2.811411	2.188745
9.030000	-0.376914	0.919852	-2.778745	1.961329
9.040000	-0.404528	0.938307	-2.743577	1.729010
9.050000	-0.431777	0.954418	-2.705941	1.492370
9.060000	-0.458638	0.968142	-2.665869	1.252000
9.070000	-0.485087	0.979447	-2.623398	1.008501
9.080000	-0.511099	0.988304	-2.578566	0.762481
9.090000	-0.536650	0.994691	-2.531414	0.514555
9.100000	-0.561719	0.998591	-2.481984	0.265343
9.110000	-0.586283	0.999995	-2.430320	0.015467
9.120000	-0.610318	0.998900	-2.376469	-0.234447
9.130000	-0.633805	0.995308	-2.320479	-0.483775
9.140000	-0.656721	0.989229	-2.262401	-0.731893
9.150000	-0.679046	0.980676	-2.202287	-0.978183
9.160000	-0.700760	0.969673	-2.140191	-1.222027
9.170000	-0.721844	0.956246	-2.076169	-1.462817
9.180000	-0.742277	0.940429	-2.010279	-1.699951
9.190000	-0.762043	0.922261	-1.942579	-1.932836
9.200000	-0.781123	0.901788	-1.873131	-2.160890
9.210000	-0.799500	0.879061	-1.801998	-2.383542
9.220000	-0.817158	0.854137	-1.729243	-2.600237
9.230000	-0.834080	0.827078	-1.654932	-2.810433
9.240000	-0.850251	0.797952	-1.579131	-3.013604
9.250000	-0.865658	0.766831	-1.501909	-3.209243
9.260000	-0.880285	0.733794	-1.423336	-3.396860
9.270000	-0.894120	0.698922	-1.343482	-3.575987
9.280000	-0.907151	0.662304	-1.262419	-3.746176
9.290000	-0.919365	0.624030	-1.180219	-3.907001
9.300000	-0.930751	0.584197	-1.096958	-4.058061
9.310000	-0.941301	0.542903	-1.012709	-4.198978
9.320000	-0.951003	0.500252	-0.927549	-4.329399
9.330000	-0.959849	0.456351	-0.841554	-4.449000
9.340000	-0.967831	0.411309	-0.754802	-4.557480
9.350000	-0.974943	0.365239	-0.667371	-4.654568
9.360000	-0.981177	0.318257	-0.579339	-4.740023
9.370000	-0.986528	0.270478	-0.490786	-4.813630
9.380000	-0.990991	0.222024	-0.401791	-4.875206
9.390000	-0.994562	0.173015	-0.312434	-4.924596
9.400000	-0.997239	0.123573	-0.222796	-4.961677
9.410000	-0.999017	0.073823	-0.132958	-4.986357
9.420000	-0.999897	0.023888	-0.043000	-4.998573
9.430000	-0.999877	-0.026107	0.046996	-4.998296
9.440000	-0.998957	-0.076037	0.136951	-4.985525
9.450000	-0.997139	-0.125776	0.226782	-4.960293
9.460000	-0.994423	-0.175201	0.316409	-4.922663
9.470000	-0.990811	-0.224188	0.405751	-4.872729
9.480000	-0.986309	-0.272615	0.494728	-4.810616
9.490000	-0.980918	-0.320361	0.583260	-4.736478
9.500000	-0.974645	-0.367305	0.671267	-4.650502
9.510000	-0.967495	-0.413332	0.758670	-4.552902
9.520000	-0.959474	-0.458325	0.845390	-4.443922
9.530000	-0.950590	-0.502173	0.931349	-4.323835
9.540000	-0.940850	-0.544766	1.016470	-4.192940
9.550000	-0.930263	-0.585997	1.100677	-4.051565
9.560000	-0.918840	-0.625764	1.183893	-3.900064
9.570000	-0.906589	-0.663966	1.266043	-3.738814
9.580000	-0.893523	-0.700509	1.347054	-3.568219
9.590000	-0.879652	-0.735301	1.426853	-3.388705
9.600000	-0.864990	-0.768255	1.505368	-3.200722
9.610000	-0.849549	-0.799288	1.582528	-3.004738
9.620000	-0.833344	-0.828324	1.658264	-2.801244
9.630000	-0.816389	-0.855290	1.732507	-2.590748
9.640000	-0.798699	-0.880118	1.805192	-2.373777
9.650000	-0.780291	-0.902746	1.876252	-2.150873
9.660000	-0.761180	-0.923117	1.945623	-1.922592
9.670000	-0.741384	-0.941182	2.013243	-1.689506
9.680000	-0.720921	-0.956893	2.079052	-1.452198
9.690000	-0.699809	-0.970213	2.142990	-1.211259
9.700000	-0.678068	-0.981108	2.204999	-0.967293
9.710000	-0.655716	-0.989551	2.265024	-0.720909
9.720000	-0.632774	-0.995521	2.323010	-0.472724
9.730000	-0.609263	-0.999002	2.378906	-0.223356
9.740000	-0.585203	-0.999986	2.432661	0.026569
9.750000	-0.560617	-0.998471	2.484227	0.276428
9.760000	-0.535526	-0.994460	2.533557	0.525597
9.770000	-0.509953	-0.987963	2.580607	0.773451
9.780000	-0.483921	-0.978997	2.625334	1.019372
9.790000	-0.457454	-0.967584	2.667699	1.262746
9.800000	-0.430575	-0.953753	2.707664	1.502963
9.810000	-0.403309	-0.937537	2.745191	1.739423
9.820000	-0.375680	-0.918979	2.780249	1.971536
9.830000	-0.347712	-0.898123	2.812804	2.198721
9.840000	-0.319432	-0.875023	2.842827	2.420411
9.850000	-0.290864	-0.849735	2.870293	2.636050
9.860000	-0.262035	-0.822324	2.895175	2.845101
9.870000	-0.232970	-0.792857	2.917452	3.047041
9.880000	-0.203695	-0.761408	2.937103	3.241364
9.890000	-0.174236	-0.728056	2.954112	3.427586
9.900000	-0.144621	-0.692885	2.968461	3.605241
9.910000	-0.114876	-0.655982	2.980140	3.773884
9.920000	-0.085027	-0.617439	2.989136	3.933095
9.930000	-0.055102	-0.577353	2.995442	4.082475
9.940000	-0.025128	-0.535823	2.999053	4.221651
9.950000	0.004870	-0.492955	2.999964	4.350275
9.960000	0.034863	-0.448854	2.998176	4.468026
9.970000	0.064824	-0.403631	2.993690	4.574608
9.980000	0.094728	-0.357400	2.986510	4.669757
9.990000	0.124546	-0.310275	2.976642	4.753234
10.000000	0.154251	-0.262375	2.964095	4.824830
